
thorfinn_bay = {
	980 981 982 983 984 985 986 994 995 996 997 2570 2571 2572 2573 2574 2575 2576 2577 2578 2582 2583 
}


european_seas_lakes = {
	1323 1322 1324 1321 1320 1319 1317 1316 1315 1932 1314 1318 1312 1313 1311 1310 1309 1308 1307 1306 1305 1304 1303 1302 1298 1297 1300 1301 1299 1296 1295 1294
	1293 1472 1471 1292 1566 1291 1290 1278 1276 1277 1275 1289 1563 1274 1273 1288 1287 1286 1283 1284 1285 1272 1271 1270 1269 1279 1280 1282 1476 1478 1477 1480
	1475 1473 1281 1975 1268 1266 1929 1474 1265 1264 1263 1652 1267 1259 1925 1258 1257 1927 1255 1928 1926 1256 1254 1253 1252 1886 1887 1250 1251 1977 1883 1885
	1884 1261 1262 1260 1889 1890 1325 1891 1892 1894 1893 1326 1327 1976 1328 1329 1335 1334 1479 2953
}

mesoamerican_landing = {
	2647 2630 2631 2650 845 2651 2633 2652 2634 2632
}

mesoamerica_pgroup = {
	848 2630 2631 2641 2647 850 852 853 2626 2628 2644 851 2622 2623 2624 2643 849 2627 2645 2648 844 847 2629 2646 854 2621 2657 2642 845 846 2633 2634 2650 2651 2652 841 842 843 2636 2653 2632 2635 2638 2649
}

#chesapeake_bay_tn = {
#	1500 930 931 2537 2538 929 2539 2540 932 933 2541 2542 2543 937 2544 2545 938 2546 2547 935 936 2548 949 2011 2552 950 952 2549 2550 953 2553 2554 955 956 957 962 2023 963 965 2558 2639 967 2010 2560 966 968 2561 970 2562 2564
#}
#
#james_bay_tn = {
#	1486 998 999 1000 1003 1004 1005 1006 1008 1009 1010 1011 1804 1805 1806 1807 1811 1813 2004 2005 2016 2017 2018 2589 2590 2591 2592 2593 2594 2595 2596 2597 2598 2599 2600 2601 2602 2603 2511 1812 2588 1002 2006 2501 2502 2503 2510
#}
#
#st_lawrence_tn = {
#	996 2576 2577 2578 986 994 995 2582 2583 990 993 2584 2012 971 2013 2565 2566 2567 985 2570 2571 2572 980 981 2573 997 2574 2575 992 2579 2580 2581 969 2559 2563 982 983 984 2568 2569 1104 1105 1490 
#}
#
#carribean_trade_tn = {
#	927 928 2534 926 2535 2536 484 485 2656 486 2654 2655 488 489 490 2658 2659 487 481 491 492 482 483 493 494 495 496 1881 497 498 499 500 501 830 2807 2813 741 831 2808 834 2805 2809 2810 2939 1516 
#}
#
#panama_tn = {
#	839 840 2637 2640 2662 837 838 2660 2661 2663 826 835 836 2664 2819 828 829 2806 824 825 827 832 2817 2812 2814 2815 822 823 2816 2818 
#}
#
#ohio_tn = {
#	987 989 2585 2670 988 2586 2587 2671 991 1001 1007 2015 910 911 2517 2518 912 913 914 915 916 917 2519 2520 944 945 2521 2522 942 943 2523 2524 946 947 948 2525 954 2555 2556 2557 969 2559 2563 951 2526 2551 939 940 941 958 959 960 961 964 
#}
#
#mexico_tn = {
#	1551 854 2617 2621 2657 851 2622 2623 2624 2643 849 2627 2645 2648 850 852 2626 2628 2644 848 2630 2631 2641 2647 844 847 2629 2646 2632 2635 2638 2649 841 842 843 2636 2653 845 2633 2650 2651 846 2634 2652 853 856 857 2615 2642 
#}
#
#mississippi_river_tn = {
#	893 2014 2516 900 902 2513 2514 894 895 897 924 925 2531 2532 919 920 2528 2529 918 934 2527 899 2509 2515 889 890 2506 2507 2625 891 892 896 898 901 903 2508 2672 921 922 923 2530 2533 905 906 907 909 2007 1809 2008 2009 2504 2505 904 908 2512 1507 
#}
#
#california_tn = {
#	855 859 862 877 2616 865 866 2620 868 871 869 2021 2476 867 876 879 2491 870 2477 2478 2479 2480 872 2481 2482 2483 873 2486 2487 2488 2019 2020 2489 2490 874 2484 2485 2003 2604 2605 2606 2607 972 973 974 2610 975 2022 2609 976 977 2613 978 979 2611 2612 1240 1997 1808
#	#Third Odyssey
#	4684 4677 4678 4676 4673 4674 4675 4669 4670 4671 4672 4666 4664 4665 4667 4668
#}
#
#rio_grande_tn = {
#	860 863 864 2498 2618 861 2614 2619 2666 2667 858 2499 2668 880 881 2492 2495 875 878 2493 2494 882 885 2496 2497 883 886 2500 884 887 888 2665 2669 
#}
#
#amazonas_node_tn = {
#
#}

trade_company_west_africa_pg = {
	1164 1165 1166 1096 1793 2241 1466 1097 1098 1118 1119 1151 1163 2242 1168 1306 4078 4079 4080 
		1111
		1126 1139 1141 2257 2258 #West Africa Coast
		1147 2289 2290 2294 #Benin
		1112 1113 1116 2239 #Jolof
		1114 1117 2238 #Futa Jalon
		1167 1171 1172 1174 #Angola
}

trade_company_south_africa_pg = {
	789 833 1175 1176 1177 1178 1179 1180 1181 1182 1801 1173 1800 2856 2864 2880
}

trade_company_east_africa_pg = {
	788 1100 1102 1103 1183 1186 1192 1193 1194 1195 1196 1197 1198 1199 1200 1201 1202 1203 1204 1792 2796 2774 4020 4021 4022 4023 4024 4025 4026 4027 4028 4029 4030 4031 4032 4049
}

trade_company_west_india_pg = {
	503 504 505 512 513 514 515 518 521 528 576 577 2051 2052 2053 2054 2056 2058 2066 2067 2068 2072 2087 2088
}

trade_company_south_india_pg = {
	740 2057 530 531 532 2089 2030 2034 516 517 529 542 2036 526 527 544 545 2029 1946 569 2033 546 548 2035 1948 2028 2050 2037 2093
}

trade_company_east_india_pg = {
	573 1343 547 549 552 553 560 561 562 563 564 566 567 568 570 571 574 579 580 581 584 585 586 590 1788 1815 1950 2038 2039 2041 2042 2043 2045 2046 2048 2049 2080 2081 2091 2096 2098 2399 2402 2403 
		543 2040 2084 2398
}

trade_company_coromandel_pg = {
	533 534 535 536 537 538 539 540 572 1340 1947 1949 2026 2027 2031  2083 2085 2090 2099 2100 2101 541 2032
		1248 #Maldives
}

trade_company_north_india_pg = {
	551 519 525 2063 558 524 2060 2061 2062 550 559 2094 523 2055 2047 520 556 2097 2095 2044 2059 555 522 2064 2092 2082
}

trade_company_indonesia_pg = {
	593 594 595 596 597 598 599 617 618 619 620 621 622 623 636 637 638 639 640 659 1361 1998 1999 2390 2391 2392 2393 2394 2673 2674 2675 2676 2677 2678 2679 2680 2681 2682 2683 2684 2685 2686 2703 2704 2705 2706 2707 2708 2709 2710 2711 2712 2740 1101
}

trade_company_philippines_pg = {
	2701 2702 4355 #mindanao_area
	652 653 4354 #west_mindanao_area
	654 2700 4351 4352 4353 #visayas_area
	651 655 4356 #palawan_area
	657 658 2698 4348 #luzon_area
	656 2697 2699 4349 4350 #southern_luzon_area
	1235 1995 1996 #west_micronesia_area
	1243 1989 1990 1992 #polynesia_area
	1241 1991 1993 1994 #micronesia_area
}

trade_company_moluccas_pg = {
	646 2687 2688 2689 2690 2718 2724 1357 1245 647 645 2717 648 649 650 2725 2696 2695 635 633 634 643 2713 2714 642 2715 641 2716 632 627 2691 631 2693 629 2692 628 626 625 630 624 644 2723
}

trade_company_indochina_pg = {
	589 592 600 601 602 603 604 605 606 609 607 608 611 612 614 615 1817 1823 1844 1022 2374 2375 2376 2377 2378 2379 2380 2381 2382 2383 2384 2385 2386 2387 2388 2389 591 2404 2371
}

trade_company_south_china_pg = {
	2161 1371 610 613 616 664 665 666 667 668 672 738 1016 1840 2154 2155 2156 2157 2158 2159 2160 2162 2163 2164 2173 2174 2372 671 2373
		662 663 673 674 4199 #Yun-Gui Hinterland
}

trade_company_east_china_pg = {
	669 670 683 684 685 686 1821 1822 1824 1829 1833 1838 1897 2143 2144 2145 2146 2147 2148 2149 2150 2151 2152 2153
		2141 2142 4196 #North Jiangsu
}

trade_company_north_china_pg = {
	690 691 702 723 2138 2139 2140 2114 2115 2747
		703 1816 2136 4194 #North Hebei
		695 696 2137 4195 #South Hebei
		704 726 2111 2112 2113 #Liaoning
		693 694 697 2177 2178 #Shanxi
}
